Vertex Count: 36

Data:

-0.5  0.5 -0.5 0.0 0.0  0.0  0.0 -0.5
 0.5  0.5 -0.5 0.5 0.0  0.0  0.0 -0.5
-0.5 -0.5 -0.5 0.0 0.5  0.0  0.0 -0.5
-0.5 -0.5 -0.5 0.0 0.5  0.0  0.0 -0.5
 0.5  0.5 -0.5 0.5 0.0  0.0  0.0 -0.5
 0.5 -0.5 -0.5 0.5 0.5  0.0  0.0 -0.5
 0.5  0.5 -0.5 0.0 0.0  0.5  0.0  0.0
 0.5  0.5  0.5 0.5 0.0  0.5  0.0  0.0
 0.5 -0.5 -0.5 0.0 0.5  0.5  0.0  0.0
 0.5 -0.5 -0.5 0.0 0.5  0.5  0.0  0.0
 0.5  0.5  0.5 0.5 0.0  0.5  0.0  0.0
 0.5 -0.5  0.5 0.5 0.5  0.5  0.0  0.0
 0.5  0.5  0.5 0.0 0.0  0.0  0.0  0.5
-0.5  0.5  0.5 0.5 0.0  0.0  0.0  0.5
 0.5 -0.5  0.5 0.0 0.5  0.0  0.0  0.5
 0.5 -0.5  0.5 0.0 0.5  0.0  0.0  0.5
-0.5  0.5  0.5 0.5 0.0  0.0  0.0  0.5
-0.5 -0.5  0.5 0.5 0.5  0.0  0.0  0.5
-0.5  0.5  0.5 0.0 0.0 -0.5  0.0  0.0
-0.5  0.5 -0.5 0.5 0.0 -0.5  0.0  0.0
-0.5 -0.5  0.5 0.0 0.5 -0.5  0.0  0.0
-0.5 -0.5  0.5 0.0 0.5 -0.5  0.0  0.0
-0.5  0.5 -0.5 0.5 0.0 -0.5  0.0  0.0
-0.5 -0.5 -0.5 0.5 0.5 -0.5  0.0  0.0
-0.5  0.5  0.5 0.0 0.0  0.0  0.5  0.0
 0.5  0.5  0.5 0.5 0.0  0.0  0.5  0.0
-0.5  0.5 -0.5 0.0 0.5  0.0  0.5  0.0
-0.5  0.5 -0.5 0.0 0.5  0.0  0.5  0.0
 0.5  0.5  0.5 0.5 0.0  0.0  0.5  0.0
 0.5  0.5 -0.5 0.5 0.5  0.0  0.5  0.0
-0.5 -0.5 -0.5 0.0 0.0  0.0 -0.5  0.0
 0.5 -0.5 -0.5 0.5 0.0  0.0 -0.5  0.0
-0.5 -0.5  0.5 0.0 0.5  0.0 -0.5  0.0
-0.5 -0.5  0.5 0.0 0.5  0.0 -0.5  0.0
 0.5 -0.5 -0.5 0.5 0.0  0.0 -0.5  0.0
 0.5 -0.5  0.5 0.5 0.5  0.0 -0.5  0.0